 &plot nbnd=  26, nks=    81 /
            0.000000  0.000000  0.000000
    3.148    7.646    7.646    7.646    8.106    8.106    8.106    9.489    9.489    9.489
   10.305   10.305   10.850   10.850   10.850   11.010   11.010   11.010   11.010   11.010
   11.010   13.928   13.928   13.928   19.477   19.477
            0.000000  0.000000  0.050000
    3.178    7.646    7.660    7.660    8.114    8.114    8.114    9.480    9.496    9.496
   10.297   10.308   10.840   10.840   10.847   10.954   10.954   10.998   10.998   11.010
   11.010   13.728   14.012   14.012   19.488   19.488
            0.000000  0.000000  0.100000
    3.268    7.642    7.702    7.702    8.138    8.140    8.140    9.453    9.518    9.518
   10.273   10.318   10.801   10.801   10.809   10.809   10.837   10.961   10.961   11.010
   11.010   13.220   14.245   14.245   19.522   19.522
            0.000000  0.000000  0.150000
    3.418    7.629    7.770    7.770    8.178    8.182    8.182    9.410    9.553    9.553
   10.234   10.334   10.588   10.588   10.758   10.758   10.820   10.902   10.902   11.010
   11.011   12.564   14.593   14.593   19.579   19.579
            0.000000  0.000000  0.200000
    3.626    7.593    7.859    7.859    8.232    8.242    8.242    9.350    9.602    9.602
   10.181   10.344   10.344   10.356   10.689   10.689   10.797   10.823   10.823   11.011
   11.011   11.876   15.024   15.024   19.661   19.661
            0.000000  0.000000  0.250000
    3.890    7.515    7.965    7.965    8.299    8.319    8.319    9.277    9.665    9.665
   10.091   10.091   10.118   10.383   10.606   10.606   10.727   10.727   10.769   11.011
   11.011   11.231   15.518   15.518   19.772   19.772
            0.000000  0.000000  0.300000
    4.208    7.366    8.080    8.080    8.379    8.414    8.414    9.191    9.740    9.740
    9.842    9.842   10.048   10.415   10.515   10.515   10.620   10.620   10.685   10.736
   11.011   11.011   16.060   16.060   19.914   19.914
            0.000000  0.000000  0.350000
    4.575    7.121    8.192    8.192    8.469    8.528    8.528    9.096    9.603    9.603
    9.827    9.827    9.977   10.277   10.423   10.423   10.452   10.504   10.504   10.699
   11.011   11.011   16.644   16.644   20.090   20.090
            0.000000  0.000000  0.400000
    4.986    6.775    8.290    8.290    8.567    8.660    8.660    8.994    9.378    9.378
    9.912    9.924    9.924   10.018   10.341   10.341   10.384   10.384   10.491   10.659
   11.011   11.011   17.264   17.264   20.050   20.050
            0.000000  0.000000  0.450000
    5.430    6.353    8.357    8.357    8.671    8.811    8.811    8.887    9.171    9.171
    9.863    9.887   10.031   10.031   10.263   10.263   10.284   10.284   10.532   10.617
   11.011   11.011   17.917   17.917   19.312   19.312
            0.000000  0.000000  0.500000
    5.894    5.894    8.382    8.382    8.779    8.779    8.982    8.982    8.982    8.982
    9.847    9.847   10.144   10.144   10.145   10.145   10.264   10.264   10.575   10.575
   11.011   11.011   18.600   18.600   18.600   18.600
            0.000000  0.000000  0.550000
    5.430    6.353    8.357    8.357    8.671    8.811    8.811    8.887    9.171    9.171
    9.863    9.887   10.031   10.031   10.263   10.263   10.284   10.284   10.532   10.617
   11.011   11.011   17.917   17.917   19.312   19.312
            0.000000  0.000000  0.600000
    4.986    6.775    8.290    8.290    8.567    8.660    8.660    8.994    9.378    9.378
    9.912    9.924    9.924   10.018   10.341   10.341   10.384   10.384   10.491   10.659
   11.011   11.011   17.264   17.264   20.050   20.050
            0.000000  0.000000  0.650000
    4.575    7.121    8.192    8.192    8.469    8.528    8.528    9.096    9.603    9.603
    9.827    9.827    9.977   10.277   10.423   10.423   10.452   10.504   10.504   10.699
   11.011   11.011   16.644   16.644   20.090   20.090
            0.000000  0.000000  0.700000
    4.208    7.366    8.080    8.080    8.379    8.414    8.414    9.191    9.740    9.740
    9.842    9.842   10.048   10.415   10.515   10.515   10.620   10.620   10.685   10.736
   11.011   11.011   16.060   16.060   19.914   19.914
            0.000000  0.000000  0.750000
    3.890    7.515    7.965    7.965    8.299    8.319    8.319    9.277    9.665    9.665
   10.091   10.091   10.118   10.383   10.606   10.606   10.727   10.727   10.769   11.011
   11.011   11.231   15.518   15.518   19.772   19.772
            0.000000  0.000000  0.800000
    3.626    7.593    7.859    7.859    8.232    8.242    8.242    9.350    9.602    9.602
   10.181   10.344   10.344   10.356   10.689   10.689   10.797   10.823   10.823   11.011
   11.011   11.876   15.024   15.024   19.661   19.661
            0.000000  0.000000  0.850000
    3.418    7.629    7.770    7.770    8.178    8.182    8.182    9.410    9.553    9.553
   10.234   10.334   10.588   10.588   10.758   10.758   10.820   10.902   10.902   11.010
   11.011   12.564   14.593   14.593   19.579   19.579
            0.000000  0.000000  0.900000
    3.268    7.642    7.702    7.702    8.138    8.140    8.140    9.453    9.518    9.518
   10.273   10.318   10.801   10.801   10.809   10.809   10.837   10.961   10.961   11.010
   11.010   13.220   14.245   14.245   19.522   19.522
            0.000000  0.000000  0.950000
    3.178    7.646    7.660    7.660    8.114    8.114    8.114    9.480    9.496    9.496
   10.297   10.308   10.840   10.840   10.847   10.954   10.954   10.998   10.998   11.010
   11.010   13.728   14.012   14.012   19.488   19.488
            0.000000  0.000000  1.000000
    3.148    7.646    7.646    7.646    8.106    8.106    8.106    9.489    9.489    9.489
   10.305   10.305   10.850   10.850   10.850   11.010   11.010   11.010   11.010   11.010
   11.010   13.928   13.928   13.928   19.477   19.477
            0.025000  0.000000  1.000000
    3.155    7.646    7.650    7.650    8.108    8.108    8.108    9.487    9.491    9.491
   10.303   10.306   10.848   10.848   10.850   10.996   10.996   11.007   11.007   11.010
   11.010   13.876   13.949   13.949   19.480   19.480
            0.050000  0.000000  1.000000
    3.178    7.646    7.660    7.660    8.114    8.114    8.114    9.480    9.496    9.496
   10.297   10.308   10.840   10.840   10.847   10.954   10.954   10.998   10.998   11.010
   11.010   13.728   14.012   14.012   19.488   19.488
            0.075000  0.000000  1.000000
    3.216    7.645    7.678    7.678    8.124    8.125    8.125    9.469    9.505    9.505
   10.287   10.312   10.827   10.827   10.843   10.887   10.887   10.982   10.982   11.010
   11.010   13.502   14.112   14.112   19.502   19.502
            0.100000  0.000000  1.000000
    3.268    7.642    7.702    7.702    8.138    8.140    8.140    9.453    9.518    9.518
   10.273   10.318   10.801   10.801   10.809   10.809   10.837   10.961   10.961   11.010
   11.010   13.220   14.245   14.245   19.522   19.522
            0.125000  0.000000  1.000000
    3.336    7.637    7.733    7.733    8.156    8.159    8.159    9.434    9.534    9.534
   10.255   10.325   10.700   10.700   10.786   10.786   10.829   10.934   10.934   11.010
   11.010   12.902   14.407   14.407   19.547   19.547
            0.150000  0.000000  1.000000
    3.418    7.629    7.770    7.770    8.178    8.182    8.182    9.410    9.553    9.553
   10.234   10.334   10.588   10.588   10.758   10.758   10.820   10.902   10.902   11.010
   11.011   12.564   14.593   14.593   19.579   19.579
            0.175000  0.000000  1.000000
    3.515    7.615    7.812    7.812    8.203    8.210    8.210    9.382    9.576    9.576
   10.209   10.344   10.468   10.468   10.725   10.725   10.809   10.864   10.864   11.011
   11.011   12.218   14.800   14.800   19.617   19.617
            0.200000  0.000000  1.000000
    3.626    7.593    7.859    7.859    8.232    8.242    8.242    9.350    9.602    9.602
   10.181   10.344   10.344   10.356   10.689   10.689   10.797   10.823   10.823   11.011
   11.011   11.876   15.024   15.024   19.661   19.661
            0.225000  0.000000  1.000000
    3.751    7.561    7.911    7.911    8.264    8.278    8.278    9.315    9.632    9.632
   10.151   10.218   10.218   10.369   10.649   10.649   10.777   10.777   10.784   11.011
   11.011   11.544   15.264   15.264   19.713   19.713
            0.250000  0.000000  1.000000
    3.890    7.515    7.965    7.965    8.299    8.319    8.319    9.277    9.665    9.665
   10.091   10.091   10.118   10.383   10.606   10.606   10.727   10.727   10.769   11.011
   11.011   11.231   15.518   15.518   19.772   19.772
            0.275000  0.000000  1.000000
    4.043    7.451    8.022    8.022    8.338    8.364    8.364    9.236    9.701    9.701
    9.966    9.966   10.084   10.399   10.561   10.561   10.675   10.675   10.753   10.943
   11.011   11.011   15.784   15.784   19.839   19.839
            0.300000  0.000000  1.000000
    4.208    7.366    8.080    8.080    8.379    8.414    8.414    9.191    9.740    9.740
    9.842    9.842   10.048   10.415   10.515   10.515   10.620   10.620   10.685   10.736
   11.011   11.011   16.060   16.060   19.914   19.914
            0.325000  0.000000  1.000000
    4.386    7.256    8.137    8.137    8.423    8.468    8.468    9.145    9.721    9.721
    9.782    9.782   10.013   10.433   10.462   10.468   10.468   10.563   10.563   10.718
   11.011   11.011   16.347   16.347   19.997   19.997
            0.350000  0.000000  1.000000
    4.575    7.121    8.192    8.192    8.469    8.528    8.528    9.096    9.603    9.603
    9.827    9.827    9.977   10.277   10.423   10.423   10.452   10.504   10.504   10.699
   11.011   11.011   16.644   16.644   20.090   20.090
            0.375000  0.000000  1.000000
    4.776    6.959    8.244    8.244    8.517    8.591    8.591    9.046    9.489    9.489
    9.874    9.874    9.943   10.130   10.380   10.380   10.445   10.445   10.471   10.680
   11.011   11.011   16.950   16.950   20.191   20.191
            0.400000  0.000000  1.000000
    4.986    6.775    8.290    8.290    8.567    8.660    8.660    8.994    9.378    9.378
    9.912    9.924    9.924   10.018   10.341   10.341   10.384   10.384   10.491   10.659
   11.011   11.011   17.264   17.264   20.050   20.050
            0.425000  0.000000  1.000000
    5.205    6.571    8.328    8.328    8.618    8.733    8.733    8.941    9.272    9.272
    9.884    9.939    9.976    9.976   10.309   10.309   10.324   10.324   10.511   10.639
   11.011   11.011   17.587   17.587   19.678   19.678
            0.450000  0.000000  1.000000
    5.430    6.353    8.357    8.357    8.671    8.811    8.811    8.887    9.171    9.171
    9.863    9.887   10.031   10.031   10.263   10.263   10.284   10.284   10.532   10.617
   11.011   11.011   17.917   17.917   19.312   19.312
            0.475000  0.000000  1.000000
    5.661    6.126    8.375    8.375    8.725    8.833    8.894    8.894    9.074    9.074
    9.849    9.858   10.087   10.087   10.203   10.203   10.269   10.269   10.553   10.596
   11.011   11.011   18.255   18.255   18.953   18.953
            0.500000  0.000000  1.000000
    5.894    5.894    8.382    8.382    8.779    8.779    8.982    8.982    8.982    8.982
    9.847    9.847   10.144   10.144   10.145   10.145   10.264   10.264   10.575   10.575
   11.011   11.011   18.600   18.600   18.600   18.600
            0.512500  0.037500  0.950000
    5.816    6.048    8.397    8.397    8.757    8.811    8.922    8.927    9.020    9.026
    9.791    9.793   10.097   10.153   10.181   10.243   10.265   10.265   10.576   10.599
   10.990   10.991   18.026   18.181   18.404   18.566
            0.525000  0.075000  0.900000
    5.816    6.273    8.441    8.444    8.750    8.827    8.841    8.853    9.062    9.079
    9.687    9.699   10.024   10.123   10.260   10.262   10.276   10.418   10.595   10.651
   10.937   10.937   17.105   17.447   17.944   18.305
            0.537500  0.112500  0.850000
    5.892    6.555    8.504    8.518    8.699    8.725    8.761    8.906    9.120    9.149
    9.580    9.623    9.936   10.065   10.230   10.236   10.370   10.602   10.626   10.745
   10.872   10.873   16.156   16.653   17.500   18.020
            0.550000  0.150000  0.800000
    6.035    6.870    8.483    8.515    8.649    8.685    8.801    8.974    9.196    9.235
    9.487    9.571    9.845    9.991   10.157   10.167   10.444   10.670   10.708   10.826
   10.826   10.947   15.253   15.878   17.128   17.786
            0.562500  0.187500  0.750000
    6.233    7.180    8.308    8.346    8.771    8.795    8.888    9.070    9.288    9.338
    9.419    9.543    9.757    9.909   10.045   10.055   10.494   10.727   10.765   10.808
   10.810   11.223   14.413   15.150   16.839   17.623
            0.575000  0.225000  0.700000
    6.469    7.434    8.097    8.165    8.915    8.944    9.034    9.209    9.394    9.395
    9.456    9.531    9.676    9.826    9.916    9.922   10.528   10.788   10.805   10.811
   10.815   11.543   13.641   14.478   16.622   17.534
            0.587500  0.262500  0.650000
    6.717    7.596    7.879    7.992    9.057    9.103    9.185    9.408    9.463    9.518
    9.526    9.594    9.606    9.749    9.794    9.795   10.561   10.822   10.829   10.830
   10.844   11.907   12.936   13.876   16.466   17.515
            0.600000  0.300000  0.600000
    6.955    7.671    7.671    7.842    9.177    9.250    9.250    9.515    9.555    9.645
    9.645    9.665    9.696    9.707    9.707    9.752   10.618   10.835   10.843   10.843
   10.894   12.299   12.299   13.357   16.358   17.562
            0.612500  0.337500  0.550000
    7.166    7.489    7.685    7.728    9.261    9.280    9.363    9.482    9.537    9.591
    9.620    9.626    9.858    9.896    9.912    9.916   10.742   10.844   10.847   10.851
   10.968   11.733   12.634   12.947   16.289   16.634
            0.625000  0.375000  0.500000
    7.345    7.345    7.660    7.660    9.309    9.309    9.437    9.437    9.538    9.538
    9.586    9.586   10.034   10.034   10.051   10.051   10.842   10.842   10.850   10.850
   11.261   11.261   12.689   12.689   16.252   16.252
            0.637500  0.412500  0.450000
    7.250    7.500    7.600    7.644    9.320    9.340    9.381    9.479    9.510    9.555
    9.570    9.576   10.055   10.057   10.064   10.175   10.764   10.851   10.854   10.857
   10.999   11.818   12.327   12.630   16.244   16.573
            0.650000  0.450000  0.400000
    7.211    7.496    7.641    7.684    9.292    9.311    9.372    9.481    9.523    9.573
    9.594    9.600    9.957    9.974    9.987   10.043   10.753   10.848   10.851   10.854
   10.983   11.778   12.479   12.786   16.265   16.601
            0.662500  0.487500  0.350000
    7.227    7.323    7.774    7.777    9.225    9.226    9.408    9.442    9.574    9.590
    9.657    9.657    9.752    9.762    9.836    9.837   10.813   10.836   10.840   10.841
   11.099   11.290   13.099   13.121   16.317   16.341
            0.675000  0.525000  0.300000
    7.052    7.298    7.904    7.913    9.122    9.126    9.344    9.433    9.522    9.524
    9.617    9.654    9.659    9.668    9.743    9.745   10.769   10.825   10.830   10.831
   10.965   11.299   13.490   13.586   16.404   16.510
            0.687500  0.562500  0.250000
    6.674    7.413    8.023    8.074    8.992    9.014    9.142    9.289    9.419    9.476
    9.512    9.521    9.650    9.764    9.850    9.854   10.604   10.816   10.817   10.821
   10.828   11.514   13.561   14.146   16.533   17.171
            0.700000  0.600000  0.200000
    6.224    7.555    8.116    8.232    8.848    8.891    8.937    9.175    9.330    9.369
    9.425    9.559    9.688    9.902    9.973    9.984   10.424   10.752   10.797   10.804
   10.810   11.725   13.438   14.777   16.708   18.177
            0.712500  0.637500  0.150000
    5.754    7.699    8.150    8.343    8.708    8.764    8.769    9.131    9.269    9.356
    9.406    9.602    9.729   10.067   10.105   10.131   10.272   10.681   10.771   10.793
   10.794   11.929   13.243   15.462   16.932   19.383
            0.725000  0.675000  0.100000
    5.310    7.813    8.106    8.366    8.593    8.641    8.649    9.134    9.318    9.396
    9.474    9.634    9.765   10.156   10.237   10.254   10.289   10.609   10.740   10.771
   10.786   12.138   13.033   16.174   17.194   20.712
            0.737500  0.712500  0.050000
    4.919    7.882    8.013    8.310    8.513    8.547    8.553    9.163    9.454    9.496
    9.601    9.654    9.772   10.095   10.353   10.446   10.450   10.539   10.709   10.739
   10.791   12.375   12.837   16.774   17.513   20.722
            0.750000  0.750000  0.000000
    4.601    7.915    7.915    8.223    8.453    8.476    8.476    9.205    9.638    9.638
    9.660    9.738    9.741   10.101   10.437   10.473   10.575   10.575   10.724   10.724
   10.816   12.678   12.678   16.743   18.133   20.193
            0.712500  0.712500  0.000000
    5.042    7.954    7.954    8.354    8.530    8.577    8.577    9.141    9.404    9.404
    9.552    9.647    9.811   10.058   10.343   10.480   10.480   10.586   10.644   10.644
   10.756   12.528   12.528   16.982   17.430   20.446
            0.675000  0.675000  0.000000
    5.524    7.964    7.964    8.454    8.613    8.680    8.680    9.082    9.237    9.237
    9.389    9.608    9.891   10.019   10.254   10.375   10.375   10.561   10.561   10.689
   10.736   12.406   12.406   15.895   18.159   20.765
            0.637500  0.637500  0.000000
    6.034    7.938    7.938    8.482    8.723    8.779    8.779    9.032    9.151    9.151
    9.253    9.549    9.975    9.989   10.173   10.263   10.263   10.480   10.480   10.615
   10.925   12.310   12.310   14.891   18.928   21.155
            0.600000  0.600000  0.000000
    6.555    7.887    7.887    8.422    8.853    8.868    8.868    8.996    9.135    9.135
    9.144    9.471    9.970   10.063   10.102   10.153   10.153   10.406   10.406   10.536
   11.161   12.238   12.238   13.984   19.736   21.621
            0.562500  0.562500  0.000000
    7.061    7.833    7.833    8.271    8.938    8.938    8.976    8.984    9.064    9.158
    9.158    9.377    9.963   10.045   10.058   10.058   10.153   10.347   10.347   10.452
   11.460   12.190   12.190   13.193   20.583   22.157
            0.525000  0.525000  0.000000
    7.523    7.798    7.798    8.017    8.975    8.979    8.979    9.009    9.112    9.187
    9.187    9.271    9.970    9.996    9.996   10.003   10.244   10.312   10.312   10.364
   11.844   12.164   12.164   12.529   21.467   22.091
            0.487500  0.487500  0.000000
    7.662    7.793    7.793    7.910    8.980    8.985    8.985    8.997    9.153    9.192
    9.192    9.233    9.976    9.986    9.986    9.992   10.275   10.306   10.306   10.335
   11.995   12.160   12.160   12.337   21.771   22.081
            0.450000  0.450000  0.000000
    7.222    7.819    7.819    8.198    8.955    8.955    8.973    9.028    9.043    9.169
    9.169    9.343    9.964   10.029   10.033   10.033   10.184   10.332   10.332   10.423
   11.577   12.179   12.179   12.957   20.874   22.129
            0.412500  0.412500  0.000000
    6.727    7.868    7.868    8.383    8.894    8.894    8.897    8.987    9.115    9.140
    9.140    9.441    9.966   10.082   10.093   10.119   10.119   10.384   10.384   10.508
   11.253   12.219   12.219   13.707   20.014   21.794
            0.375000  0.375000  0.000000
    6.207    7.923    7.923    8.472    8.765    8.810    8.810    9.019    9.139    9.139
    9.213    9.525    9.982   10.004   10.148   10.226   10.226   10.454   10.454   10.589
   10.998   12.283   12.283   14.577   19.193   21.302
            0.337500  0.337500  0.000000
    5.691    7.960    7.960    8.473    8.646    8.713    8.714    9.064    9.200    9.200
    9.340    9.591    9.918   10.008   10.226   10.338   10.338   10.533   10.533   10.665
   10.794   12.371   12.371   15.550   18.411   20.887
            0.300000  0.300000  0.000000
    5.199    7.962    7.962    8.393    8.556    8.611    8.611    9.120    9.340    9.340
    9.494    9.636    9.837   10.044   10.313   10.446   10.446   10.616   10.616   10.632
   10.734   12.485   12.485   16.611   17.668   20.545
            0.262500  0.262500  0.000000
    4.743    7.930    7.930    8.268    8.479    8.509    8.509    9.183    9.554    9.554
    9.659    9.675    9.762   10.086   10.406   10.507   10.545   10.545   10.698   10.698
   10.797   12.625   12.625   16.967   17.743   20.270
            0.225000  0.225000  0.000000
    4.334    7.879    7.879    8.133    8.400    8.412    8.412    9.248    9.656    9.693
    9.819    9.819    9.880   10.131   10.418   10.501   10.631   10.631   10.774   10.774
   10.852   12.793   12.793   16.311   18.918   20.070
            0.187500  0.187500  0.000000
    3.980    7.820    7.820    8.003    8.321    8.325    8.325    9.312    9.632    9.633
   10.105   10.108   10.108   10.176   10.362   10.593   10.704   10.704   10.842   10.842
   10.900   12.989   12.989   15.703   19.734   20.328
            0.150000  0.150000  0.000000
    3.684    7.763    7.763    7.885    8.249    8.249    8.249    9.370    9.583    9.595
   10.218   10.330   10.343   10.390   10.390   10.677   10.763   10.763   10.901   10.901
   10.939   13.212   13.212   15.152   19.678   21.529
            0.112500  0.112500  0.000000
    3.451    7.714    7.714    7.785    8.188    8.188    8.188    9.420    9.542    9.554
   10.254   10.315   10.580   10.637   10.637   10.749   10.811   10.811   10.948   10.948
   10.970   13.452   13.452   14.672   19.591   20.733
            0.075000  0.075000  0.000000
    3.283    7.677    7.677    7.709    8.143    8.143    8.143    9.458    9.513    9.520
   10.282   10.308   10.794   10.801   10.801   10.804   10.872   10.872   10.982   10.982
   10.993   13.684   13.684   14.283   19.527   20.071
            0.037500  0.037500  0.000000
    3.182    7.654    7.654    7.662    8.115    8.115    8.115    9.481    9.495    9.497
   10.299   10.306   10.839   10.842   10.842   10.951   10.971   10.971   11.003   11.003
   11.006   13.860   13.861   14.022   19.489   19.632
            0.000000  0.000000  0.000000
    3.148    7.646    7.646    7.646    8.106    8.106    8.106    9.489    9.489    9.489
   10.305   10.305   10.850   10.850   10.850   11.010   11.010   11.010   11.010   11.010
   11.010   13.928   13.928   13.928   19.477   19.477
